TEST KERNEL: linear
[[835   3  23  33   4   3  93   1   5   0]
 [  8 971   3  13   0   1   4   0   0   0]
 [ 30   4 747  14 111   0  87   0   7   0]
 [ 53  22  16 864  25   0  17   0   3   0]
 [  4   2  94  30 798   0  70   0   2   0]
 [  1   1   1   0   0 900   0  58   5  34]
 [169   6  96  43  78   0 595   0  13   0]
 [  0   0   0   0   0  44   0 910   0  46]
 [ 22   2  18  10  10  12  26   2 898   0]
 [  0   0   0   0   0  18   0  53   1 928]]
Accuracy:  0.8446
TEST KERNEL: rbf
[[862   0  10  26   0   1  91   0  10   0] 
 [  2 975   3  15   0   1   3   0   1   0] 
 [ 12   1 834  14  79   0  56   0   4   0] 
 [ 26   7   7 920  24   0  15   0   1   0] 
 [  0   1  54  26 872   0  45   0   2   0]
 [  0   0   0   0   0 935   0  44   9  12]
 [151   1  72  29  55   0 674   0  18   0]
 [  0   0   0   0   0  17   0 946   0  37]
 [  2   0   3   2   2   2   9   2 977   1]
 [  0   0   0   0   0  10   0  35   5 950]]
Accuracy:  0.8945
TEST KERNEL: poly
[[845   1  10  32   0   1 104   1   6   0]
 [  3 969   2  19   0   0   7   0   0   0]
 [ 12   1 801   9  88   0  87   0   2   0]
 [ 20   5   3 917  18   0  36   0   1   0]
 [  1   0  53  26 840   0  79   0   1   0]
 [  0   0   0   1   0 939   2  43   3  12]
 [144   0  62  28  49   0 707   0  10   0]
 [  0   0   0   0   0  16   0 949   0  35]
 [  3   1   5   4   1   2  20   2 959   3]
 [  0   0   0   0   0  12   3  37   0 948]]
Accuracy:  0.8874